# GIMP colorrc
# 
# This file holds a list of recently used colors.

(color-history
    (color-rgba 1 1 1 1)
    (color-rgba 0 0 0 1)
    (color-rgba 0.047058823529411764 0.047058823529411764 0.047058823529411764 1)
    (color-rgba 0.098039215686274508 0.098039215686274508 0.098039215686274508 1)
    (color-rgba 0 1 0.43921568989753723 1)
    (color-rgba 0.076555023923445376 0 1 1)
    (color-rgba 0 1 0.44019138755980869 1)
    (color-rgba 0.60765550239234445 0.60765550239234445 0.60765550239234445 1)
    (color-rgba 0.4569377990430622 0.4569377990430622 0.4569377990430622 1)
    (color-rgba 0.10287081339712922 0.10287081339712922 0.10287081339712922 1)
    (color-rgba 0.59808612440191389 0.59808612440191389 0.59808612440191389 1)
    (color-rgba 0.80861244019138745 0 1 1)
    (color-rgba 0.41477540889085845 0.14222567254982732 0.4569377990430622 1)
    (color-rgba 0 0.91387559808612462 1 1)
    (color-rgba 0.16631846692251531 0.14222567254982732 0.4569377990430622 1)
    (color-rgba 1 0 0 1)
    (color-rgba 0.4569377990430622 0.14222567254982732 0.14222567254982732 1)
    (color-rgba 0.87799043062200954 0.59950618807546763 0.12210462942425303 1)
    (color-rgba 0.4569377990430622 0.30936943351034918 0.14222567254982732 1)
    (color-rgba 0.12210462942425303 0.87799043062200954 0.53078929705749012 1)
    (color-rgba 0.4569377990430622 0.2898085169253124 0.16340821952533352 1)
    (color-rgba 0.14222567254982732 0.4569377990430622 0.15427206973617127 1)
    (color-rgba 0.54509803921568623 0.9137254901960784 0.99215686274509807 1)
    (color-rgba 0.022222222222222365 1 0 1)
    (color-rgba 1 0.99215686321258545 0.99215686321258545 1)
    (color-rgba 0.70980393886566162 0.7921568751335144 0.87058824300765991 1)
    (color-rgba 0.59999999999999998 0.59999999999999998 0.59999999999999998 1)
    (color-rgba 1 1 1 6.9261415290447541e-310)
    (color-rgba 0 1 0.066225165562913801 1)
    (color-rgba 0.49803924560546875 0.14509804546833038 0.58823531866073608 1)
    (color-rgba 0.80392156862745101 0.80392156862745101 0.80392156862745101 0)
    (color-rgba 0.69411766529083252 0.60000002384185791 0.4745098352432251 1)
    (color-rgba 0.15294118225574493 0.5215686559677124 0.66666668653488159 1)
    (color-rgba 0.13427561837455837 1 0 1)
    (color-rgba 0.70980393886566173 0.7904801621453923 0.87058824300765991 1)
    (color-rgba 0.87058824300765991 0.80392158031463623 0.70980393886566162 1)
    (color-rgba 0.29803922772407532 0.25882354378700256 0.20784315466880798 1)
    (color-rgba 0.69257950530035339 0.59917234693852761 0.47411482913178554 1)
    (color-rgba 0.14117647707462311 0.62745100259780884 0.69411766529083252 1)
    (color-rgba 0.13944553797993695 0.6280797847294215 0.69257950530035339 1)
    (color-rgba 0.81049161666706193 0.84927492680079342 0.94346289752650181 1)
    (color-rgba 0.44705885648727417 0.91372555494308472 0.72156864404678345 1)
    (color-rgba 0.091872791519434616 0.091872791519434616 0.091872791519434616 1)
    (color-rgba 0.090196080505847931 0.38039219379425049 0.18039216101169586 1)
    (color-rgba 0.13074204946996471 0.13074204946996471 0.13074204946996471 1)
    (color-rgba 0.66666668653488159 0.30588236451148987 0.15294118225574493 1)
    (color-rgba 0.44838380724263044 0.9151943462897526 0.72220200329147233 1)
    (color-rgba 0.089643560129959457 0.38162544169611312 0.1804365127017668 1)
    (color-rgba 0.88627457618713379 0.88627457618713379 0.41568630933761597 1)
    (color-rgba 0.49763036273152844 0.14653639101667179 0.59010600706713778 1)
    (color-rgba 0.88692579505300351 0.88526413693624884 0.41667654801147813 1)
    (color-rgba 0.66784452296819796 0.30538995166534955 0.15239405222093108 1)
    (color-rgba 0.15239405222093108 0.52031276278965144 0.66784452296819796 1)
    (color-rgba 0.65490198135375977 0.5749878920219812 0.36862745881080627 1)
    (color-rgba 0.47843137383460999 0.36862745881080627 0.65490198135375977 1)
    (color-rgba 0.93333339691162109 0.9647059440612793 0.98431378602981567 1)
    (color-rgba 0.90604026845637586 0.99501980221500219 1 1)
    (color-rgba 0.85906040268456374 0.99252970332250334 1 1)
    (color-rgba 0.69611307420494706 0.69611307420494706 0.69611307420494706 1)
    (color-rgba 0.42402826855123676 0.42402826855123676 0.42402826855123676 1)
    (color-rgba 0.64865890388218272 0.91445213508696388 0.92932862190812715 1)
    (color-rgba 0.47938028004247968 0.36853463608983333 0.6537102473498233 1)
    (color-rgba 1 0 1 1)
    (color-rgba 0.027450980618596077 0.0078431377187371254 0.035294119268655777 1)
    (color-rgba 0.062745101749897003 0.062745101749897003 0.074509806931018829 1)
    (color-rgba 0.18823529779911041 0.18823529779911041 0.18823529779911041 1)
    (color-rgba 0.80392156862745101 0.80392156862745101 0.80392156862745101 1)
    (color-rgba 0.74117647058823533 0.57647058823529407 0.97647058823529409 1)
    (color-rgba 1 0.47450980392156861 0.77647058823529413 1)
    (color-rgba 0.12941176470588237 0.13333333333333333 0.17254901960784313 1)
    (color-rgba 0.28449958555041571 0.29575451420955307 0.3027888446215139 1)
    (color-rgba 0.094117656350135803 0.66274511814117432 1 1)
    (color-rgba 0.3490196168422699 0.92941182851791382 0.64313727617263794 1)
    (color-rgba 0.68223749298109582 0.72577629595196913 0.75298804780876494 1)
    (color-rgba 0.67100724618305307 0.75390611142957242 0.952191235059761 1)
    (color-rgba 0.11764705926179886 0.12549020349979401 0.20000000298023224 1)
    (color-rgba 0.58301024091553255 0.94422310756972117 0.93990582231090614 1)
    (color-rgba 0.92828685258964139 0.3488863338591941 0.3488863338591941 1)
    (color-rgba 0.3490196168422699 0.73333334922790527 0.92941182851791382 1)
    (color-rgba 0.55776892430278879 0.55776892430278879 0.55776892430278879 1)
    (color-rgba 0.21960785984992981 0.08235294371843338 0 1)
    (color-rgba 0.3488863338591941 0.92828685258964139 0.64435751472571667 1)
    (color-rgba 0.3488863338591941 0.73515334634615892 0.92828685258964139 1)
    (color-rgba 0.83529418706893921 0.93725496530532837 0.98823535442352295 1)
    (color-rgba 0.7137255072593689 0.80392163991928101 0.92549026012420654 1)
    (color-rgba 0.45490196347236633 0.63921570777893066 0.75686275959014893 1)
    (color-rgba 0.64705884456634521 0.97647058963775635 0.64313727617263794 1)
    (color-rgba 0.92156863212585449 0.9843137264251709 0.9843137264251709 1)
    (color-rgba 0.68627452850341797 0.68627452850341797 0.68627452850341797 1)
    (color-rgba 0.60000002384185791 0.91764706373214722 0.85882353782653809 1)
    (color-rgba 0.89019608497619629 0.46666666865348816 0.46666666865348816 1)
    (color-rgba 0.92941176891326904 0.70196080207824707 0.55294120311737061 1)
    (color-rgba 0.97647058963775635 0.67058825492858887 0.24705882370471954 1)
    (color-rgba 0.92549020051956177 0.90588235855102539 0.54509806632995605 1)
    (color-rgba 0.90196079015731812 0.70196080207824707 0.52549022436141968 1)
    (color-rgba 0.17647059261798859 0.17647059261798859 0.17647059261798859 1)
    (color-rgba 0 0 0 4.6748033344550927e-310)
    (color-rgba 0.18431372940540314 0.20392158627510071 0.24705883860588074 1))

# end of colorrc
